2500
1
6
2858
1
10
3216
269
3
3575
1
3
3754
1
1
3933
1
2
4112
1
4
4291
1
8
4470
1
1
4649
269
2
5007
1
2
5366
1
6
5724
1
10
6082
269
12
6440
1
12
6619
1
1
6799
1
2
6978
1
4
7157
1
8
7336
1
1
7515
269
4
7873
1
4
8231
1
6
8590
1
10
8948
269
8
9306
1
8
9485
1
1
9664
1
2
9843
1
4
10022
1
8
10201
1
1
10381
269
2
10739
1
2
11097
1
5
11455
1
6
11813
269
10
12172
1
10
12351
1
1
12530
1
2
12709
1
4
12888
1
8
13067
1
1
13246
269
2
13604
1
2
13963
1
6
14321
1
10
14679
269
3
15037
1
3
15216
1
1
15396
1
2
15575
1
4
15754
1
8
15933
1
1
16112
269
2
16470
1
2
16828
1
6
17187
1
10
17545
269
12
17903
1
12
18082
1
1
18261
1
2
18440
1
4
18619
1
8
18799
1
1
18978
269
4
19336
1
4
19694
1
6
20052
1
10
20410
269
8
20769
1
8
20948
1
1
21127
1
2
21306
1
4
21485
1
8
21664
1
1
21843
269
2
22201
1
2
22560
1
5
22918
1
6
23276
269
10
23634
1
10
23813
1
1
23993
1
2
24172
1
4
24351
1
8
24530
1
1
24709
269
2
25067
1
2
25425
1
6
25784
1
10
26142
269
3
26500
1
3
26679
1
1
26858
1
2
27037
1
4
27216
1
8
27396
1
1
27575
269
2
27933
1
2
28291
1
6
28649
1
10
29007
269
12
29366
1
12
29545
1
1
29724
1
2
29903
1
4
30082
1
8
30261
1
1
30440
269
4
30799
1
4
31157
1
6
31515
1
10
31873
269
8
32231
1
8
32410
1
1
32590
1
2
32769
1
4
32948
1
8
33127
1
1
33306
269
2
33664
1
2
34022
1
5
34381
1
6
34739
269
10
35097
1
10
35276
1
1
35455
1
2
35634
1
4
35813
1
8
35993
1
1
36172
269
2
36530
1
2
36888
1
6
37246
1
10
37604
269
3
37963
1
3
38142
1
1
38321
1
2
38500
1
4
38679
1
8
38858
1
1
39037
269
2
39396
1
2
39754
1
6
40112
1
10
40470
269
12
40828
1
12
41007
1
1
41187
1
2
41366
1
4
41545
1
8
41724
1
1
41903
269
4
42261
1
4
42619
1
1
42978
1
2
43336
269
4
43694
1
4
43873
1
1
44052
1
2
44231
1
4
44410
1
8
44590
1
1
44769
269
2
45127
1
2
45485
1
5
45843
1
6
46201
269
10
46560
1
10
46739
1
1
46918
1
2
47097
1
4
47276
1
8
47455
1
1
47634
269
2
47993
1
2
48351
1
6
48709
1
10
49067
269
12
49425
1
12
49604
1
1
49784
1
2
49963
1
4
50142
1
8
50321
1
1
50500
269
2
50858
1
2
51216
1
6
51575
1
10
51933
269
12
52291
1
12
52470
1
1
52649
1
2
52828
1
4
53007
1
8
53187
1
1
53366
269
4
53724
1
4
54082
1
1
54440
1
2
54799
269
4
55157
1
4
55336
1
1
55515
1
2
55694
1
4
55873
1
8
56052
1
1
56231
269
2
56590
1
2
56948
1
5
57306
1
6
57664
269
10
58022
1
10
58201
1
1
58381
1
2
58560
1
4
58739
1
8
58918
1
1
59097
269
2
59455
1
2
59813
1
6
60172
1
10
60530
269
12
60888
1
12
61067
1
1
61246
1
2
61425
1
4
61604
1
8
61784
1
1
61963
269
2
62321
1
2
62679
1
6
63037
1
10
63396
269
12
63754
1
12
63933
1
1
64112
1
2
64291
1
4
64470
1
8
64649
1
1
64828
269
4
65187
1
4
66261
5642
4
71993
2955
2
75037
5463
4
80590
1970
2
82739
1
6
83097
1
10
83455
269
3
83813
1
3
83993
1
1
84172
1
2
84351
1
4
84530
1
8
84709
1
1
84888
269
2
85246
1
2
85604
1
6
85963
1
10
86321
269
12
86679
1
12
86858
1
1
87037
1
2
87216
1
4
87396
1
8
87575
1
1
87754
269
4
88112
1
4
88470
1
6
88828
1
10
89187
269
8
89545
1
8
89724
1
1
89903
1
2
90082
1
4
90261
1
8
90440
1
1
90619
269
2
90978
1
2
91336
1
5
91694
1
6
92052
269
10
92410
1
10
92590
1
1
92769
1
2
92948
1
4
93127
1
8
93306
1
1
93485
269
2
93843
1
2
94201
1
6
94560
1
10
94918
269
3
95276
1
3
95455
1
1
95634
1
2
95813
1
4
95993
1
8
96172
1
1
96351
269
2
96709
1
2
97067
1
6
97425
1
10
97784
269
12
98142
1
12
98321
1
1
98500
1
2
98679
1
4
98858
1
8
99037
1
1
99216
269
4
99575
1
4
99933
1
1
100291
1
2
100649
269
4
101007
1
4
101187
1
1
101366
1
2
101545
1
4
101724
1
8
101903
1
1
102082
269
2
102440
1
2
102799
1
5
103157
1
6
103515
269
10
103873
1
10
104052
1
1
104231
1
2
104410
1
4
104590
1
8
104769
1
1
104948
269
2
105306
1
2
105664
1
6
106022
1
10
106381
269
12
106739
1
12
106918
1
1
107097
1
2
107276
1
4
107455
1
8
107634
1
1
107813
269
2
108172
1
2
108530
1
6
108888
1
10
109246
269
12
109604
1
12
109784
1
1
109963
1
2
110142
1
4
110321
1
8
110500
1
1
110679
269
4
111037
1
4
111396
1
1
111754
1
2
112112
269
4
112470
1
4
112649
1
1
112828
1
2
113007
1
4
113187
1
8
113366
1
1
113545
269
2
113903
1
2
114261
1
5
114619
1
6
114978
269
10
115336
1
10
115515
1
1
115694
1
2
115873
1
4
116052
1
8
116231
1
1
116410
269
2
116769
1
2
117127
1
6
117485
1
10
117843
269
12
118201
1
12
118381
1
1
118560
1
2
118739
1
4
118918
1
8
119097
1
1
119276
269
2
119634
1
2
119993
1
6
120351
1
10
120709
269
12
121067
1
12
121246
1
1
121425
1
2
121604
1
4
121784
1
8
121963
1
1
122142
269
4
122500
1
4
123575
5642
4
129485
2687
8
132351
1791
2
134321
716
4
135216
2060
8
137366
1
16
137545
1
4
137903
2955
2
140948
2955
8
143993
1881
2
145963
627
4
146679
2597
8
149366
2507
16
152052
269
4
152410
1970
8
154560
806
4
155455
1791
2
157336
806
4
158231
1970
8
160291
627
16
161007
2776
4
163873
2239
8
166201
537
4
166828
1970
2
168888
806
4
169784
2149
8
172022
3313
16
175515
1
3
175873
1
3
176231
1
3
176590
1
3
176948
1
6
177306
1
6
177664
1
10
178022
1
10
178381
1
3
178739
1
3
179097
1
3
179455
1
3
179813
1
5
180172
1
5
180530
1
5
180888
1
5
181246
1
6
181604
1
6
181963
1
10
182321
1
10
182679
1
3
183037
1
3
183396
1
3
183754
1
3
184112
1
8
184470
1
8
184828
1
8
185007
1
8
185187
1
8
185366
1
8
185545
1
4
185724
1
4
186082
358
4
186619
1
4
186799
1
4
186978
1
4
187336
1
4
187694
1
4
188052
1
4
188410
1
4
188769
1
4
189127
1
4
189306
1
4
189485
1
4
189664
1
4
189843
1
4
190201
1
4
190560
1
4
190918
1
4
191634
1
1
191993
1
2
192172
1
1
192351
1
2
192530
1
8
192709
1
4
192888
1
1
193067
1
1
193425
1
2
193604
1
1
193784
1
2
193963
1
8
194142
1
4
194321
1
1
194500
1
1
194858
1
2
195037
1
1
195216
1
2
195396
1
8
195575
1
4
195754
1
1
195933
1
1
196291
1
2
196470
1
1
196649
1
2
196828
1
8
197007
1
4
197187
1
12
197545
1
12
197903
1
12
198261
1
12
198619
1
12
198978
1
12
199336
1
12
199694
1
12
200052
1
10
200410
1
10
200769
1
6
201127
1
6
201306
1
1
201664
1
1
202022
1
2
202201
1
1
202381
1
2
202560
1
8
202739
1
4
202918
1
1
203097
1
1
203455
1
2
203634
1
1
203813
1
2
203993
1
8
204172
1
4
204351
1
1
204530
1
1
204888
1
2
205067
1
1
205246
1
2
205425
1
8
205604
1
4
205784
1
1
205963
1
1
206321
1
2
206500
1
1
206679
1
2
206858
1
8
207037
1
4
207216
1
1
207396
1
1
207754
1
2
207933
1
1
208112
1
2
208291
1
8
208470
1
4
208649
1
12
209007
1
12
209366
1
12
209724
1
12
210082
1
12
210440
1
12
210799
1
12
211157
1
12
211515
1
10
211873
1
10
212231
1
10
212590
1
10
212948
1
10
213306
1
10
213664
1
10
214201
1
8
214381
1
4
214560
1
2
214739
716
1
215634
1
16
215813
1
8
215993
896
1
217067
1
4
217246
1
8
217425
896
2
218500
1
16
218679
1
8
218858
896
1
219933
1
8
220112
1
4
220291
896
2
221366
1
8
221545
1
4
221724
896
2
222799
1
8
222978
1
4
223157
716
1
224231
1
8
224410
1
4
224590
716
1
225485
1
4
225664
1
8
227097
1
16
227276
1
2
228530
1
8
228709
1
4
229963
1
2
230142
1
4
231396
1
16
231575
1
8
232828
1
8
233007
1
4
234440
1
2
234619
1
4
235515
1
16
235694
1
16
235873
3220
8
239272
3125
4
